Year,cotton,alfalfa,corn,barley,durum,veg,rest
1991,0.299497797,0.191222889,0.038903772,0.055103809,0.046641307,0.070433077,0.298197348
1992,0.41936536,0.156049976,0.018434169,0.033814292,0.063454703,0.089736564,0.219144936
1993,0.432534584,0.17361295,0.021325127,0.043014455,0.059329127,0.09190425,0.178279507
1994,0.406431426,0.184985714,0.027474164,0.055823587,0.096744959,0.0878887,0.140651449
1995,0.462925368,0.210460251,0.033530819,0.041880892,0.103768163,0.084061691,0.063372816
1996,0.373238854,0.186594626,0.055186994,0.069810011,0.127885122,0.075490781,0.111793612
1997,0.356142212,0.208113393,0.067189883,0.087745656,0.092391263,0.074038027,0.114379566
1998,0.329620194,0.19990088,0.045074495,0.065086903,0.07601844,0.075962972,0.208336116
1999,0.345843229,0.190863886,0.042251791,0.055840486,0.056384409,0.073704458,0.235111742
2000,0.283759951,0.23662791,0.057979311,0.062340525,0.063513158,0.06737353,0.228405615
2001,0.250367148,0.291755677,0.066216237,0.058223003,0.089026341,0.071842224,0.172569371
2002,0.230654059,0.300878924,0.07731124,0.072672424,0.0573131,0.074984088,0.186186165
2003,0.16586632,0.375242971,0.079558318,0.062547985,0.098122686,0.070499594,0.148162127
2004,0.211977178,0.327419978,0.072006791,0.050707993,0.064015666,0.086363638,0.187508755
2005,0.169683806,0.341419063,0.07255657,0.062144798,0.104499981,0.076527745,0.173168037
2006,0.166411587,0.356472244,0.059995786,0.059909512,0.0429754,0.076815441,0.23742003
2007,0.11498228,0.388652417,0.072679037,0.068172977,0.089782158,0.079202221,0.186528911
2008,0.102919586,0.465794544,0.066417499,0.071359384,0.081333777,0.076219811,0.135955399
2009,0.135808067,0.389340228,0.0499282,0.051533152,0.122586384,0.096057172,0.154746797
2010,0.154319921,0.418162461,0.071207167,0.059345481,0.054982175,0.071697433,0.170285362
2011,0.277551485,0.380857382,0.056803109,0.11770966,0.042760571,0.072715451,0.051602342
2012,0.143467609,0.459567498,0.092306347,0.103654973,0.055083397,0.06507192,0.080848256
2013,0.154286291,0.300758042,0.079472089,0.123644076,0.053464041,0.077433652,0.21094181
2014,0.092655684,0.431782476,0.074726247,0.066269671,0.081751387,0.093651492,0.159163042
2015,0.055522994,0.559955701,0.06240719,0.028758633,0.116630911,0.096032765,0.080691806
2016,0.050733185,0.583105513,0.094552925,0.022672669,0.077430111,0.098098811,0.073406787
2017,0.154475437,0.523381624,0.069676052,0.025757914,0.044370303,0.133173401,0.049165269
2018,0.106825792,0.537556415,0.101055572,0.039064124,0.042259642,0.124751666,0.048486789
2019,0.127321903,0.378225885,0.11592082,0.096518958,0.107649426,0.085001748,0.08936126
2020,0.06695585,0.491485959,0.112340131,0.056626322,0.089897986,0.09771518,0.084978571
2021,0.127889804,0.418994374,0.11494154,0.07970455,0.090408637,0.101033572,0.067027524
2022,0.071403557,0.521049139,0.105329752,0.045975242,0.071678143,0.117180181,0.067383985
2023,0.083069238,0.435846065,0.13043359,0.096893535,0.103805628,0.082825397,0.067126546
2024,0.07274851,0.465136611,0.125704237,0.085377822,0.093962788,0.08913421,0.067935822
2025,0.15215794,0.426255783,0.114566625,0.080202102,0.075312421,0.114543183,0.036961946
2026,0.079822077,0.506681251,0.112702522,0.06318987,0.068256565,0.11594943,0.053398285
2027,0.087453447,0.50020343,0.117947861,0.068254836,0.06679878,0.116895349,0.042446297
2028,0.089900735,0.432079984,0.125362441,0.118760048,0.084142184,0.089922626,0.059831982
2029,0.066055232,0.45826124,0.130510967,0.117195426,0.084486513,0.0849841,0.058506522
2030,0.07331201,0.491140307,0.132125847,0.095292726,0.070080407,0.101630637,0.036418066
2031,0.100756285,0.490295982,0.118042579,0.083879094,0.057308611,0.122149692,0.027567759
2032,0.112143135,0.453589037,0.126853279,0.110047233,0.058034361,0.112935867,0.026397088
2033,0.136762797,0.45501032,0.117803064,0.095342565,0.048291089,0.129339031,0.017451135
2034,0.04877404,0.53939758,0.131297094,0.090846614,0.053345479,0.107834883,0.02850431
2035,0.243507407,0.379643537,0.097622996,0.090183377,0.034083763,0.147763751,0.007195169
2036,0.056113758,0.505239514,0.137930077,0.125778286,0.05480874,0.098659549,0.021470076
2037,0.037596089,0.604152562,0.108501547,0.057366692,0.03180087,0.140844019,0.019738221
2038,0.031337115,0.568430662,0.128336667,0.098248163,0.039934312,0.108546118,0.025166962
2039,0.080202258,0.523681348,0.115005809,0.095711377,0.027375302,0.145284456,0.01273945
2040,0.095642171,0.42404253,0.12954494,0.198660514,0.041257146,0.098443747,0.012408952
2041,0.067578156,0.502077227,0.127144049,0.142043196,0.030355722,0.11984889,0.010952759
2042,0.057781547,0.492831452,0.131527796,0.167480186,0.030613093,0.10858578,0.011180146
2043,0.075140173,0.487914701,0.121659776,0.157207559,0.023239145,0.126559854,0.008278793
2044,0.115055865,0.46058778,0.107426595,0.149441714,0.018528838,0.14430016,0.004659049
2045,0.15021259,0.477281925,0.065783076,0.050787328,0.005709716,0.247720934,0.002504431
2046,0.083260471,0.531447563,0.090395582,0.08433635,0.008555628,0.198523613,0.003480792
2047,0.028721152,0.624146792,0.074724246,0.0419077,0.00600906,0.220087532,0.004403519
2048,0.048299065,0.585211677,0.052262193,0.02455417,0.002815232,0.284623581,0.002234083
2049,0.025588832,0.617096405,0.074836245,0.045706515,0.004146666,0.229272782,0.003352556
2050,0.107181573,0.491228863,0.034076004,0.017180106,0.000983051,0.348503699,0.000846705
