Year,cotton,alfalfa,corn,barley,durum,veg,rest
1991,0.299497797,0.191222889,0.038903772,0.055103809,0.046641307,0.070433077,0.298197348
1992,0.41936536,0.156049976,0.018434169,0.033814292,0.063454703,0.089736564,0.219144936
1993,0.432534584,0.17361295,0.021325127,0.043014455,0.059329127,0.09190425,0.178279507
1994,0.406431426,0.184985714,0.027474164,0.055823587,0.096744959,0.0878887,0.140651449
1995,0.462925368,0.210460251,0.033530819,0.041880892,0.103768163,0.084061691,0.063372816
1996,0.373238854,0.186594626,0.055186994,0.069810011,0.127885122,0.075490781,0.111793612
1997,0.356142212,0.208113393,0.067189883,0.087745656,0.092391263,0.074038027,0.114379566
1998,0.329620194,0.19990088,0.045074495,0.065086903,0.07601844,0.075962972,0.208336116
1999,0.345843229,0.190863886,0.042251791,0.055840486,0.056384409,0.073704458,0.235111742
2000,0.283759951,0.23662791,0.057979311,0.062340525,0.063513158,0.06737353,0.228405615
2001,0.250367148,0.291755677,0.066216237,0.058223003,0.089026341,0.071842224,0.172569371
2002,0.230654059,0.300878924,0.07731124,0.072672424,0.0573131,0.074984088,0.186186165
2003,0.16586632,0.375242971,0.079558318,0.062547985,0.098122686,0.070499594,0.148162127
2004,0.211977178,0.327419978,0.072006791,0.050707993,0.064015666,0.086363638,0.187508755
2005,0.169683806,0.341419063,0.07255657,0.062144798,0.104499981,0.076527745,0.173168037
2006,0.166411587,0.356472244,0.059995786,0.059909512,0.0429754,0.076815441,0.23742003
2007,0.11498228,0.388652417,0.072679037,0.068172977,0.089782158,0.079202221,0.186528911
2008,0.102919586,0.465794544,0.066417499,0.071359384,0.081333777,0.076219811,0.135955399
2009,0.135808067,0.389340228,0.0499282,0.051533152,0.122586384,0.096057172,0.154746797
2010,0.154319921,0.418162461,0.071207167,0.059345481,0.054982175,0.071697433,0.170285362
2011,0.277551485,0.380857382,0.056803109,0.11770966,0.042760571,0.072715451,0.051602342
2012,0.143467609,0.459567498,0.092306347,0.103654973,0.055083397,0.06507192,0.080848256
2013,0.154286291,0.300758042,0.079472089,0.123644076,0.053464041,0.077433652,0.21094181
2014,0.092655684,0.431782476,0.074726247,0.066269671,0.081751387,0.093651492,0.159163042
2015,0.055522994,0.559955701,0.06240719,0.028758633,0.116630911,0.096032765,0.080691806
2016,0.050733185,0.583105513,0.094552925,0.022672669,0.077430111,0.098098811,0.073406787
2017,0.154475437,0.523381624,0.069676052,0.025757914,0.044370303,0.133173401,0.049165269
2018,0.106825792,0.537556415,0.101055572,0.039064124,0.042259642,0.124751666,0.048486789
2019,0.173846978,0.288058543,0.099311105,0.12704199,0.107068162,0.076717617,0.127955605
2020,0.353776396,0.18987785,0.093396309,0.151381157,0.09798897,0.071657651,0.041921667
2021,0.285353463,0.226099376,0.10854503,0.160665631,0.116044513,0.06725623,0.036035757
2022,0.176199268,0.287932777,0.123809661,0.163048379,0.122196239,0.066702495,0.060111182
2023,0.228891307,0.311154285,0.116289213,0.124081123,0.103580333,0.085117038,0.0308867
2024,0.291085452,0.214870184,0.108355521,0.182800162,0.112063972,0.064176962,0.026647748
2025,0.233410736,0.261767459,0.107455679,0.16609034,0.089333816,0.080582266,0.061359704
2026,0.26994056,0.26201219,0.111548741,0.158073897,0.093207532,0.079906957,0.025310123
2027,0.107671926,0.399461415,0.135037484,0.133780467,0.099417105,0.08080658,0.043825022
2028,0.060747791,0.540683531,0.120189612,0.059231749,0.06326429,0.116119682,0.039763346
2029,0.092125271,0.386341776,0.137230011,0.162686698,0.095286553,0.073923405,0.052406286
2030,0.066666477,0.44238172,0.132873306,0.135163088,0.085133627,0.080539195,0.057242586
2031,0.070551255,0.444777847,0.125049243,0.13552232,0.076299559,0.086601557,0.061198219
2032,0.027709679,0.597858493,0.104313559,0.059297673,0.070891566,0.099673952,0.040255078
2033,0.048254323,0.491216864,0.125823041,0.12370047,0.066886203,0.088368975,0.055750124
2034,0.051888784,0.44337215,0.13712378,0.170355417,0.074286301,0.074500272,0.048473296
2035,0.030441343,0.578208978,0.12227104,0.078938036,0.050609835,0.105565137,0.033965631
2036,0.079834961,0.499364319,0.123431316,0.113301027,0.045789501,0.11758858,0.020690297
2037,0.054688454,0.526706286,0.126771046,0.112169093,0.042501844,0.113126285,0.024036991
2038,0.032513875,0.57665713,0.122210946,0.092054552,0.03956608,0.112722956,0.02427446
2039,0.02046313,0.534549796,0.141984775,0.143474738,0.052526584,0.077861104,0.029139873
2040,0.01996156,0.553856538,0.134702286,0.133710372,0.043910723,0.086165561,0.027692961
2041,0.022871524,0.584901304,0.12470565,0.106519556,0.032091913,0.108543229,0.020366825
2042,0.012084622,0.606005884,0.127234163,0.101888742,0.033220753,0.097517773,0.022048062
2043,0.015431715,0.66485305,0.089118838,0.036481901,0.01602266,0.169525724,0.008566111
2044,0.011147601,0.58440446,0.131253292,0.133876951,0.029828449,0.090147699,0.019341547
2045,0.03113927,0.561882181,0.116144016,0.133741491,0.017306327,0.127929571,0.011857144
2046,0.012543809,0.607194638,0.116418687,0.117587561,0.018467765,0.113810262,0.013977278
2047,0.010783011,0.58884238,0.124433571,0.141649898,0.018452418,0.103289354,0.01254937
2048,0.009008602,0.567440639,0.130197196,0.169693095,0.017213596,0.093445248,0.013001624
2049,0.011879281,0.542173344,0.127275204,0.19778981,0.013789907,0.096017964,0.01107449
2050,0.021187296,0.476309962,0.121226836,0.269879711,0.012075517,0.090474615,0.008846062
